18603   100     1422961593  1422961954  
18604   100     1422963987  1422965269  
18611   100     1423043331  1423043820  
18641   100     1423327706  1423337141  
18644   100     1423353507  1423366485  
18647   100     1423384379  1423409491  
18658   100     1423460246  1423500144  
18660   100     1423536124  1423538705  
18661   100     1423543115  1423584755  
18662   100     1423589692  1423608955  
18663   100     1423613907  1423637523  
18664   100     1423641747  1423660038  
18666   100     1423684593  1423706333  
18667   100     1423710973  1423758652  
18669   100     1423776533  1423806924  
18672   100     1423820556  1423859218  
18673   100     1423871836  1423901279  
18674   100     1423909995  1423935284  
18675   100     1423941862  1423971156  
18676   100     1423975993  1424009854  
18677   100     1424014555  1424057265  
18678   100     1424065522  1424070630  
18683   100     1424127113  1424160828  
18684   100     1424166291  1424197058  
18686   100     1424214795  1424238218  
18687   100     1424242752  1424262483  
18689   100     1424342451  1424348998  
18692   100     1424382533  1424418812  
18693   100     1424424285  1424430181  
18694   100     1424434441  1424474790  
18696   100     1424484289  1424493248  
18697   100     1424517858  1424550984  
18698   100     1424577916  1424609404  
18701   100     1424620569  1424653251  
18702   100     1424658383  1424694420  
18706   100     1424717291  1424746993  
18707   100     1424754216  1424784639  
18709   100     1424814441  1424844196  
18710   100     1424851119  1424871745  
18715   100     1424929289  1424963794  
18717   100     1424977337  1424989529  
18718   100     1424993405  1425004169  
18719   100     1425012601  1425047387  
18721   100     1425063390  1425096482  
18722   100     1425102665  1425115369  
18723   100     1425120195  1425151845  
18726   100     1425175969  1425208528  
18727   100     1425212960  1425242885  
18728   100     1425247417  1425273661  
18729   100     1425285985  1425306681  
18731   100     1425316027  1425345839  
18732   100     1425356292  1425386354  
18735   100     1425398778  1425399888  
18737   100     1425413753  1425438202  
18738   100     1425442279  1425455688  
18740   100     1425512976  1425535299  
18741   100     1425539827  1425559454  
18748   100     1425594037  1425597675  
18749   100     1425604461  1425649720  
18750   100     1425654616  1425664422  
18751   100     1425669501  1425699678  
18752   100     1425702306  1425727131  
18753   100     1425730193  1425764511  
18754   100     1425770725  1425800516  
18758   100     1425820170  1425840226  
18760   100     1425864128  1425894885  
18761   100     1425897660  1425947464  
18762   100     1425951485  1425954221  
18763   100     1425958528  1425989093  
18764   100     1425993074  1426023823  
18765   100     1426026208  1426049833  
18766   100     1426052143  1426074232  
18772   100     1426134424  1426164595  
18775   100     1426176180  1426176799  
18776   100     1426179793  1426210655  
18777   100     1426214772  1426246169  
18778   100     1426253636  1426293737  
18779   100     1426297322  1426327139  
18780   100     1426329571  1426359279  
18785   100     1426645226  1426675597  
18786   100     1426681103  1426684351  
18787   100     1426696909  1426731793  
18788   100     1426737680  1426769515  
18789   100     1426783151  1426814527  
18790   100     1426822927  1426831072  
18792   100     1426839782  1426886871  
18793   100     1426892429  1426921896  
18794   100     1426924795  1426933011  
18795   100     1426939629  1426968912  
18796   100     1426978025  1427008063  
18797   100     1427013237  1427035057  
18798   100     1427039710  1427043414  
18800   100     1427060877  1427091241  
18801   100     1427094998  1427125054  
18803   100     1427139956  1427171626  
18804   100     1427176294  1427205587  
18805   100     1427212903  1427242564  
18806   100     1427246967  1427248118  
18807   100     1427252335  1427284257  
18815   100     1427349689  1427361760  
18816   100     1427367241  1427396418  
18817   100     1427399556  1427399989  
18818   100     1427403856  1427416150  
18819   100     1427419677  1427449110  
18820   100     1427452286  1427486889  
18827   100     1427510620  1427539768  
18828   100     1427543044  1427572885  
18829   100     1427577689  1427607451  
18833   100     1427618967  1427619226  
18837   100     1427635562  1427667224  
18838   100     1427669934  1427701316  
18843   100     1427713741  1427743121  
18846   100     1427756777  1427786656  
18847   100     1427789734  1427819408  
18848   100     1427823628  1427827350  
18849   100     1427838276  1427862567  
18850   100     1427865632  1427889196  
18852   100     1427932414  1427936130  
18853   100     1427941536  1427957223  
18854   100     1427962043  1427980163  
18855   100     1427987954  1428017942  
18856   100     1428021687  1428046096  
18857   100     1428049068  1428067259  
18865   100     1428107090  1428135997  
18866   100     1428140650  1428141092  
18868   100     1428146977  1428177476  
18875   100     1428198003  1428220480  
18876   100     1428225356  1428254801  
18877   100     1428261317  1428291010  
18878   100     1428295114  1428330213  
18881   100     1428358155  1428361874  
18882   100     1428367517  1428413655  
18883   100     1428422366  1428452190  
18884   100     1428456358  1428493355  
18892   100     1428554029  1428584617  
18893   100     1428592676  1428606625  
18894   100     1428613566  1428651547  
18895   100     1428656160  1428685686  
18897   100     1428696003  1428725270  
18898   100     1428733547  1428763250  
18900   100     1428777772  1428807478  
18901   100     1428811627  1428841431  
18903   100     1428847486  1428875983  
18904   100     1428879737  1428899293  
18905   100     1428907623  1428937525  
18906   100     1428944116  1428978017  
18907   100     1428981993  1428992808  
18908   100     1428999671  1429029402  
18909   100     1429034639  1429064677  
18914   100     1429145839  1429176005  
18915   100     1429181634  1429218995  
18916   100     1429227632  1429244432  
18917   100     1429252550  1429285281  
18920   100     1429313825  1429343405  
18921   100     1429348164  1429368985  
18922   100     1429375352  1429405351  
18923   100     1429409656  1429439503  
18924   100     1429444335  1429473906  
18925   100     1429483331  1429513120  
18926   100     1429517114  1429546102  
18928   100     1429576533  1429600033  
18930   100     1429633322  1429669803  
18931   100     1429676065  1429704016  
18938   100     1429749515  1429751500  
18941   100     1429766713  1429769347  
18942   100     1429775056  1429805804  
18943   100     1429816658  1429847816  
18944   100     1429852408  1429882745  
18946   100     1429889635  1429905130  
18948   100     1429927734  1429957150  
18949   100     1429961556  1429995517  
18950   100     1429999584  1430029156  
18951   100     1430033330  1430065013  
18952   100     1430068880  1430098540  
18953   100     1430102697  1430131285  
19011   104     1430639111  1430660415      
19012   104     1430667015  1430673550      
19020   104     1430711291  1430744519      
19022   104     1430766331  1430779113      
19024   104     1430788607  1430817921      
19026   104     1430827716  1430837974      
19028   104     1430854761  1430884907      
19029   104     1430889669  1430919515      
19032   104     1430930515  1430960098      
19033   104     1430965980  1430995711      
19035   104     1431003613  1431033392      
19037   104     1431045498  1431067501      
19038   104     1431071522  1431092154      
19039   104     1431098159  1431118997      
19040   104     1431122641  1431148511      
19041   104     1431152585  1431178613      
19042   104     1431182845  1431213196      
19043   104     1431216846  1431243252      
19046   104     1431262642  1431266005      
19049   104     1431293723  1431320839      
19050   104     1431325892  1431347658      
19052   104     1431371997  1431398330      
19053   104     1431402376  1431414338      
19055   104     1431443559  1431465842      
19057   104     1431478251  1431517480      
19059   104     1431563294  1431589400      
19060   104     1431597111  1431623864      
19065   104     1431642951  1431660190      
19066   104     1431665727  1431691926      
19068   104     1431710167  1431736936  
19069   104     1431743174  1431760325      
19070   104     1431769790  1431795570      
19071   104     1431805007  1431832427      
19072   104     1431837245  1431864172      
19073   104     1431867873  1431893888      
19074   104     1431900078  1431926187      
19075   104     1431931580  1431959530      
19077   104     1431969054  1431995376      
19078   104     1431999391  1432032234      
19079   104     1432035906  1432061705  
19081   104     1432091081  1432122333      
19085   104     1432188118  1432215471      
19086   104     1432219372  1432236293      
19090   104     1432255278  1432263047      
19091   104     1432267273  1432294123      
19092   104     1432298081  1432324387      
19093   104     1432328396  1432354955      
19094   104     1432359322  1432394599      
19095   104     1432398255  1432424414      
19096   104     1432429262  1432455231      
19097   104     1432458658  1432484855      
19098   104     1432488657  1432498100      
19099   104     1432508837  1432535740      
19100   104     1432539709  1432567027      
19101   104     1432573368  1432599508      
19102   104     1432602900  1432629072      
19103   104     1432633810  1432639377      
19106   104     1432656270  1432657078      
19107   104     1432661208  1432664667      
19108   104     1432670231  1432677800  
19109   104     1432682445  1432703430      
19110   104     1432711612  1432727230      
19113   104     1432762409  1432788428      
19114   104     1432792150  1432821901      
19120   104     1432875897  1432898487      
19122   104     1432903827  1432908302      
19125   104     1432941424  1432967143      
19126   104     1432970788  1432997139      
19128   104     1433016024  1433041648      
19129   104     1433045043  1433057067      
19131   104     1433071623  1433097568      
19132   104     1433102055  1433128268      
19134   104     1433142013  1433148304      
19136   104     1433159303  1433186363      
19138   104     1433198245  1433223863      
19139   104     1433228405  1433251582      
19143   104     1433272897  1433300024      
19147   104     1433320368  1433333607      
19151   104     1433392149  1433420655      
19155   104     1433452123  1433478104      
19158   104     1433490364  1433517080      
19159   104     1433522460  1433529015      
19160   104     1433540291  1433565668      
19161   104     1433572715  1433599758      
19162   104     1433603294  1433628682      
19163   104     1433636513  1433661360      
19164   104     1433671639  1433697131      
19165   104     1433701863  1433714323      
19167   104     1433723539  1433745372      
19169   104     1433750120  1433770875      
19181   104     1433826328  1433827272      
19182   104     1433830688  1433858550      
19183   104     1433862808  1433892343      
19184   104     1433896691  1433900853      
19191   104     1433980123  1434011522      
19192   104     1434014493  1434043702      
19193   104     1434052592  1434082173      
19195   104     1434087282  1434119539      
19197   104     1434131893  1434134764      
19198   104     1434138920  1434149301      
19202   104     1434169339  1434171765      
19204   104     1434176185  1434206025      
19205   104     1434209538  1434236831      
19207   104     1434269691  1434305396      
19208   104     1434309618  1434314116      
19209   104     1434316978  1434341334      
19211   104     1434350027  1434378569      
19213   104     1434403908  1434433500      
19214   104     1434442763  1434473723      
19215   104     1434480294  1434514052      
19217   104     1434521266  1434529620      
19221   104     1434568816  1434571785      
19222   104     1434575686  1434576255      
19227   104     1434601158  1434614763      
19228   104     1434618159  1434626273      
19229   104     1434631455  1434638116      
19231   104     1434663424  1434686706      
19234   104     1434704276  1434720582      
19237   104     1434737359  1434768233      
19238   104     1434773017  1434802457      
19240   104     1434813772  1434847026      
19242   104     1434854269  1434883544      
19243   104     1434889004  1434898349      
19248   104     1434925892  1434947708      
19249   104     1434951928  1434972287  
